{
 "cells": [
  {
   "cell_type": "code",
   "execution_count": 1,
   "id": "e149cbd7",
   "metadata": {},
   "outputs": [],
   "source": [
    "import pandas as pd\n",
    "import numpy as np\n",
    "import math as mt\n",
    "from numpy import dot\n",
    "from numpy.linalg import norm\n",
    "from scipy import stats\n",
    "\n",
    "%matplotlib inline\n",
    "import matplotlib\n",
    "import matplotlib.pyplot as plt\n",
    "import seaborn as sn\n",
    "\n",
    "sn.set()\n",
    "plt.rcParams['axes.labelsize'] = 14\n",
    "plt.rcParams['xtick.labelsize'] = 12\n",
    "plt.rcParams['ytick.labelsize'] = 12\n",
    "plt.rcParams['figure.figsize'] = (12, 6)\n",
    "plt.rcParams['font.size'] = 12\n",
    "\n",
    "# 한글출력\n",
    "matplotlib.rc('font', family='AppleGothic')  # MacOS\n",
    "# matplotlib.rc('font', family='Malgun Gothic')  # Windows\n",
    "plt.rcParams['axes.unicode_minus'] = False"
   ]
  },
  {
   "cell_type": "code",
   "execution_count": 2,
   "id": "0b119d24",
   "metadata": {},
   "outputs": [],
   "source": [
    "def euclidean_distance(A, B):\n",
    "    err = 0\n",
    "    length = len(A)\n",
    "    for idx in range(0, length):\n",
    "        tmp = ((A[idx] - B[idx]) ** 2)\n",
    "        err += tmp\n",
    "        \n",
    "    return mt.sqrt(err)\n",
    "\n",
    "def cosine_similarity(A,B):\n",
    "    return dot(A, B) / (norm(A) * norm(B))\n",
    "\n",
    "def sumDiffer(A,B):\n",
    "    length = len(A)\n",
    "    err = 0\n",
    "    for idx in range(0, length):\n",
    "        err += ((A[idx] - B[idx]) ** 2)\n",
    "    return mt.sqrt(err / length)\n",
    "\n",
    "def improved_similarity(A, B, w):\n",
    "    cos_sim = cosine_similarity(A, B)\n",
    "    sum_diff = sumDiffer(A, B)\n",
    "    w **= sum_diff\n",
    "    \n",
    "    return cos_sim * w"
   ]
  },
  {
   "cell_type": "code",
   "execution_count": 4,
   "id": "66ca1ae7",
   "metadata": {},
   "outputs": [
    {
     "data": {
      "text/html": [
       "<div>\n",
       "<style scoped>\n",
       "    .dataframe tbody tr th:only-of-type {\n",
       "        vertical-align: middle;\n",
       "    }\n",
       "\n",
       "    .dataframe tbody tr th {\n",
       "        vertical-align: top;\n",
       "    }\n",
       "\n",
       "    .dataframe thead th {\n",
       "        text-align: right;\n",
       "    }\n",
       "</style>\n",
       "<table border=\"1\" class=\"dataframe\">\n",
       "  <thead>\n",
       "    <tr style=\"text-align: right;\">\n",
       "      <th></th>\n",
       "      <th>유클리디안 거리</th>\n",
       "      <th>코사인 유사도</th>\n",
       "      <th>피어슨 상관계수</th>\n",
       "      <th>향상된 코사인 유사도</th>\n",
       "    </tr>\n",
       "  </thead>\n",
       "  <tbody>\n",
       "    <tr>\n",
       "      <th>0</th>\n",
       "      <td>811.022811</td>\n",
       "      <td>0.711190</td>\n",
       "      <td>0.086695</td>\n",
       "      <td>0.092682</td>\n",
       "    </tr>\n",
       "    <tr>\n",
       "      <th>1</th>\n",
       "      <td>763.311208</td>\n",
       "      <td>0.748420</td>\n",
       "      <td>0.081245</td>\n",
       "      <td>0.109956</td>\n",
       "    </tr>\n",
       "    <tr>\n",
       "      <th>2</th>\n",
       "      <td>1020.776665</td>\n",
       "      <td>0.578166</td>\n",
       "      <td>-0.522292</td>\n",
       "      <td>0.044482</td>\n",
       "    </tr>\n",
       "    <tr>\n",
       "      <th>3</th>\n",
       "      <td>824.405847</td>\n",
       "      <td>0.717915</td>\n",
       "      <td>-0.206299</td>\n",
       "      <td>0.090465</td>\n",
       "    </tr>\n",
       "    <tr>\n",
       "      <th>4</th>\n",
       "      <td>612.919244</td>\n",
       "      <td>0.844775</td>\n",
       "      <td>0.479573</td>\n",
       "      <td>0.181102</td>\n",
       "    </tr>\n",
       "    <tr>\n",
       "      <th>5</th>\n",
       "      <td>978.351675</td>\n",
       "      <td>0.607361</td>\n",
       "      <td>-0.504427</td>\n",
       "      <td>0.051984</td>\n",
       "    </tr>\n",
       "    <tr>\n",
       "      <th>6</th>\n",
       "      <td>683.479334</td>\n",
       "      <td>0.804841</td>\n",
       "      <td>0.259037</td>\n",
       "      <td>0.144510</td>\n",
       "    </tr>\n",
       "    <tr>\n",
       "      <th>7</th>\n",
       "      <td>750.315267</td>\n",
       "      <td>0.804407</td>\n",
       "      <td>0.079730</td>\n",
       "      <td>0.122104</td>\n",
       "    </tr>\n",
       "    <tr>\n",
       "      <th>8</th>\n",
       "      <td>795.553895</td>\n",
       "      <td>0.755500</td>\n",
       "      <td>-0.073532</td>\n",
       "      <td>0.102359</td>\n",
       "    </tr>\n",
       "    <tr>\n",
       "      <th>9</th>\n",
       "      <td>711.980337</td>\n",
       "      <td>0.826185</td>\n",
       "      <td>-0.024018</td>\n",
       "      <td>0.138090</td>\n",
       "    </tr>\n",
       "    <tr>\n",
       "      <th>10</th>\n",
       "      <td>747.511204</td>\n",
       "      <td>0.777976</td>\n",
       "      <td>0.059099</td>\n",
       "      <td>0.118927</td>\n",
       "    </tr>\n",
       "    <tr>\n",
       "      <th>11</th>\n",
       "      <td>953.265440</td>\n",
       "      <td>0.697692</td>\n",
       "      <td>-0.265440</td>\n",
       "      <td>0.063600</td>\n",
       "    </tr>\n",
       "    <tr>\n",
       "      <th>12</th>\n",
       "      <td>759.399763</td>\n",
       "      <td>0.743888</td>\n",
       "      <td>-0.069114</td>\n",
       "      <td>0.110370</td>\n",
       "    </tr>\n",
       "    <tr>\n",
       "      <th>13</th>\n",
       "      <td>834.433940</td>\n",
       "      <td>0.686469</td>\n",
       "      <td>-0.125815</td>\n",
       "      <td>0.084350</td>\n",
       "    </tr>\n",
       "    <tr>\n",
       "      <th>14</th>\n",
       "      <td>565.520999</td>\n",
       "      <td>0.867625</td>\n",
       "      <td>0.388581</td>\n",
       "      <td>0.209524</td>\n",
       "    </tr>\n",
       "    <tr>\n",
       "      <th>15</th>\n",
       "      <td>790.657954</td>\n",
       "      <td>0.785402</td>\n",
       "      <td>0.054026</td>\n",
       "      <td>0.107727</td>\n",
       "    </tr>\n",
       "    <tr>\n",
       "      <th>16</th>\n",
       "      <td>556.239157</td>\n",
       "      <td>0.872051</td>\n",
       "      <td>0.603298</td>\n",
       "      <td>0.215562</td>\n",
       "    </tr>\n",
       "    <tr>\n",
       "      <th>17</th>\n",
       "      <td>819.107441</td>\n",
       "      <td>0.731263</td>\n",
       "      <td>-0.197439</td>\n",
       "      <td>0.093382</td>\n",
       "    </tr>\n",
       "    <tr>\n",
       "      <th>18</th>\n",
       "      <td>920.334178</td>\n",
       "      <td>0.766661</td>\n",
       "      <td>-0.240892</td>\n",
       "      <td>0.075916</td>\n",
       "    </tr>\n",
       "  </tbody>\n",
       "</table>\n",
       "</div>"
      ],
      "text/plain": [
       "       유클리디안 거리   코사인 유사도  피어슨 상관계수  향상된 코사인 유사도\n",
       "0    811.022811  0.711190  0.086695     0.092682\n",
       "1    763.311208  0.748420  0.081245     0.109956\n",
       "2   1020.776665  0.578166 -0.522292     0.044482\n",
       "3    824.405847  0.717915 -0.206299     0.090465\n",
       "4    612.919244  0.844775  0.479573     0.181102\n",
       "5    978.351675  0.607361 -0.504427     0.051984\n",
       "6    683.479334  0.804841  0.259037     0.144510\n",
       "7    750.315267  0.804407  0.079730     0.122104\n",
       "8    795.553895  0.755500 -0.073532     0.102359\n",
       "9    711.980337  0.826185 -0.024018     0.138090\n",
       "10   747.511204  0.777976  0.059099     0.118927\n",
       "11   953.265440  0.697692 -0.265440     0.063600\n",
       "12   759.399763  0.743888 -0.069114     0.110370\n",
       "13   834.433940  0.686469 -0.125815     0.084350\n",
       "14   565.520999  0.867625  0.388581     0.209524\n",
       "15   790.657954  0.785402  0.054026     0.107727\n",
       "16   556.239157  0.872051  0.603298     0.215562\n",
       "17   819.107441  0.731263 -0.197439     0.093382\n",
       "18   920.334178  0.766661 -0.240892     0.075916"
      ]
     },
     "execution_count": 4,
     "metadata": {},
     "output_type": "execute_result"
    }
   ],
   "source": [
    "datas = np.round((np.random.rand(20,16) * 500))\n",
    "sim_df = pd.DataFrame(columns=['유클리디안 거리', '코사인 유사도', '피어슨 상관계수','향상된 코사인 유사도'])\n",
    "\n",
    "A = datas[0]\n",
    "B_values = datas[1:]\n",
    "imp_weight = 0.99\n",
    "\n",
    "for idx,B in enumerate(B_values):\n",
    "    sim_df.loc[idx] = [\n",
    "        euclidean_distance(A,B),\n",
    "        cosine_similarity(A,B),\n",
    "        stats.pearsonr(A,B)[0],\n",
    "        improved_similarity(A, B, imp_weight)\n",
    "    ]\n",
    "    \n",
    "sim_df"
   ]
  },
  {
   "cell_type": "code",
   "execution_count": 5,
   "id": "37704079",
   "metadata": {},
   "outputs": [
    {
     "data": {
      "text/html": [
       "<div>\n",
       "<style scoped>\n",
       "    .dataframe tbody tr th:only-of-type {\n",
       "        vertical-align: middle;\n",
       "    }\n",
       "\n",
       "    .dataframe tbody tr th {\n",
       "        vertical-align: top;\n",
       "    }\n",
       "\n",
       "    .dataframe thead th {\n",
       "        text-align: right;\n",
       "    }\n",
       "</style>\n",
       "<table border=\"1\" class=\"dataframe\">\n",
       "  <thead>\n",
       "    <tr style=\"text-align: right;\">\n",
       "      <th></th>\n",
       "      <th>유클리디안 거리</th>\n",
       "      <th>코사인 유사도</th>\n",
       "      <th>피어슨 상관계수</th>\n",
       "      <th>향상된 코사인 유사도</th>\n",
       "    </tr>\n",
       "  </thead>\n",
       "  <tbody>\n",
       "    <tr>\n",
       "      <th>16</th>\n",
       "      <td>556.239157</td>\n",
       "      <td>0.872051</td>\n",
       "      <td>0.603298</td>\n",
       "      <td>0.215562</td>\n",
       "    </tr>\n",
       "    <tr>\n",
       "      <th>14</th>\n",
       "      <td>565.520999</td>\n",
       "      <td>0.867625</td>\n",
       "      <td>0.388581</td>\n",
       "      <td>0.209524</td>\n",
       "    </tr>\n",
       "    <tr>\n",
       "      <th>4</th>\n",
       "      <td>612.919244</td>\n",
       "      <td>0.844775</td>\n",
       "      <td>0.479573</td>\n",
       "      <td>0.181102</td>\n",
       "    </tr>\n",
       "    <tr>\n",
       "      <th>6</th>\n",
       "      <td>683.479334</td>\n",
       "      <td>0.804841</td>\n",
       "      <td>0.259037</td>\n",
       "      <td>0.144510</td>\n",
       "    </tr>\n",
       "    <tr>\n",
       "      <th>9</th>\n",
       "      <td>711.980337</td>\n",
       "      <td>0.826185</td>\n",
       "      <td>-0.024018</td>\n",
       "      <td>0.138090</td>\n",
       "    </tr>\n",
       "    <tr>\n",
       "      <th>10</th>\n",
       "      <td>747.511204</td>\n",
       "      <td>0.777976</td>\n",
       "      <td>0.059099</td>\n",
       "      <td>0.118927</td>\n",
       "    </tr>\n",
       "    <tr>\n",
       "      <th>7</th>\n",
       "      <td>750.315267</td>\n",
       "      <td>0.804407</td>\n",
       "      <td>0.079730</td>\n",
       "      <td>0.122104</td>\n",
       "    </tr>\n",
       "    <tr>\n",
       "      <th>12</th>\n",
       "      <td>759.399763</td>\n",
       "      <td>0.743888</td>\n",
       "      <td>-0.069114</td>\n",
       "      <td>0.110370</td>\n",
       "    </tr>\n",
       "    <tr>\n",
       "      <th>1</th>\n",
       "      <td>763.311208</td>\n",
       "      <td>0.748420</td>\n",
       "      <td>0.081245</td>\n",
       "      <td>0.109956</td>\n",
       "    </tr>\n",
       "    <tr>\n",
       "      <th>15</th>\n",
       "      <td>790.657954</td>\n",
       "      <td>0.785402</td>\n",
       "      <td>0.054026</td>\n",
       "      <td>0.107727</td>\n",
       "    </tr>\n",
       "    <tr>\n",
       "      <th>8</th>\n",
       "      <td>795.553895</td>\n",
       "      <td>0.755500</td>\n",
       "      <td>-0.073532</td>\n",
       "      <td>0.102359</td>\n",
       "    </tr>\n",
       "    <tr>\n",
       "      <th>0</th>\n",
       "      <td>811.022811</td>\n",
       "      <td>0.711190</td>\n",
       "      <td>0.086695</td>\n",
       "      <td>0.092682</td>\n",
       "    </tr>\n",
       "    <tr>\n",
       "      <th>17</th>\n",
       "      <td>819.107441</td>\n",
       "      <td>0.731263</td>\n",
       "      <td>-0.197439</td>\n",
       "      <td>0.093382</td>\n",
       "    </tr>\n",
       "    <tr>\n",
       "      <th>3</th>\n",
       "      <td>824.405847</td>\n",
       "      <td>0.717915</td>\n",
       "      <td>-0.206299</td>\n",
       "      <td>0.090465</td>\n",
       "    </tr>\n",
       "    <tr>\n",
       "      <th>13</th>\n",
       "      <td>834.433940</td>\n",
       "      <td>0.686469</td>\n",
       "      <td>-0.125815</td>\n",
       "      <td>0.084350</td>\n",
       "    </tr>\n",
       "    <tr>\n",
       "      <th>18</th>\n",
       "      <td>920.334178</td>\n",
       "      <td>0.766661</td>\n",
       "      <td>-0.240892</td>\n",
       "      <td>0.075916</td>\n",
       "    </tr>\n",
       "    <tr>\n",
       "      <th>11</th>\n",
       "      <td>953.265440</td>\n",
       "      <td>0.697692</td>\n",
       "      <td>-0.265440</td>\n",
       "      <td>0.063600</td>\n",
       "    </tr>\n",
       "    <tr>\n",
       "      <th>5</th>\n",
       "      <td>978.351675</td>\n",
       "      <td>0.607361</td>\n",
       "      <td>-0.504427</td>\n",
       "      <td>0.051984</td>\n",
       "    </tr>\n",
       "    <tr>\n",
       "      <th>2</th>\n",
       "      <td>1020.776665</td>\n",
       "      <td>0.578166</td>\n",
       "      <td>-0.522292</td>\n",
       "      <td>0.044482</td>\n",
       "    </tr>\n",
       "  </tbody>\n",
       "</table>\n",
       "</div>"
      ],
      "text/plain": [
       "       유클리디안 거리   코사인 유사도  피어슨 상관계수  향상된 코사인 유사도\n",
       "16   556.239157  0.872051  0.603298     0.215562\n",
       "14   565.520999  0.867625  0.388581     0.209524\n",
       "4    612.919244  0.844775  0.479573     0.181102\n",
       "6    683.479334  0.804841  0.259037     0.144510\n",
       "9    711.980337  0.826185 -0.024018     0.138090\n",
       "10   747.511204  0.777976  0.059099     0.118927\n",
       "7    750.315267  0.804407  0.079730     0.122104\n",
       "12   759.399763  0.743888 -0.069114     0.110370\n",
       "1    763.311208  0.748420  0.081245     0.109956\n",
       "15   790.657954  0.785402  0.054026     0.107727\n",
       "8    795.553895  0.755500 -0.073532     0.102359\n",
       "0    811.022811  0.711190  0.086695     0.092682\n",
       "17   819.107441  0.731263 -0.197439     0.093382\n",
       "3    824.405847  0.717915 -0.206299     0.090465\n",
       "13   834.433940  0.686469 -0.125815     0.084350\n",
       "18   920.334178  0.766661 -0.240892     0.075916\n",
       "11   953.265440  0.697692 -0.265440     0.063600\n",
       "5    978.351675  0.607361 -0.504427     0.051984\n",
       "2   1020.776665  0.578166 -0.522292     0.044482"
      ]
     },
     "execution_count": 5,
     "metadata": {},
     "output_type": "execute_result"
    }
   ],
   "source": [
    "sim_df.sort_values(by=[\"유클리디안 거리\"])"
   ]
  },
  {
   "cell_type": "code",
   "execution_count": 7,
   "id": "d8e554f5",
   "metadata": {},
   "outputs": [
    {
     "data": {
      "text/html": [
       "<div>\n",
       "<style scoped>\n",
       "    .dataframe tbody tr th:only-of-type {\n",
       "        vertical-align: middle;\n",
       "    }\n",
       "\n",
       "    .dataframe tbody tr th {\n",
       "        vertical-align: top;\n",
       "    }\n",
       "\n",
       "    .dataframe thead th {\n",
       "        text-align: right;\n",
       "    }\n",
       "</style>\n",
       "<table border=\"1\" class=\"dataframe\">\n",
       "  <thead>\n",
       "    <tr style=\"text-align: right;\">\n",
       "      <th></th>\n",
       "      <th>유클리디안 거리</th>\n",
       "      <th>코사인 유사도</th>\n",
       "      <th>피어슨 상관계수</th>\n",
       "      <th>향상된 코사인 유사도</th>\n",
       "    </tr>\n",
       "  </thead>\n",
       "  <tbody>\n",
       "    <tr>\n",
       "      <th>16</th>\n",
       "      <td>556.239157</td>\n",
       "      <td>0.872051</td>\n",
       "      <td>0.603298</td>\n",
       "      <td>0.215562</td>\n",
       "    </tr>\n",
       "    <tr>\n",
       "      <th>14</th>\n",
       "      <td>565.520999</td>\n",
       "      <td>0.867625</td>\n",
       "      <td>0.388581</td>\n",
       "      <td>0.209524</td>\n",
       "    </tr>\n",
       "    <tr>\n",
       "      <th>4</th>\n",
       "      <td>612.919244</td>\n",
       "      <td>0.844775</td>\n",
       "      <td>0.479573</td>\n",
       "      <td>0.181102</td>\n",
       "    </tr>\n",
       "    <tr>\n",
       "      <th>9</th>\n",
       "      <td>711.980337</td>\n",
       "      <td>0.826185</td>\n",
       "      <td>-0.024018</td>\n",
       "      <td>0.138090</td>\n",
       "    </tr>\n",
       "    <tr>\n",
       "      <th>6</th>\n",
       "      <td>683.479334</td>\n",
       "      <td>0.804841</td>\n",
       "      <td>0.259037</td>\n",
       "      <td>0.144510</td>\n",
       "    </tr>\n",
       "    <tr>\n",
       "      <th>7</th>\n",
       "      <td>750.315267</td>\n",
       "      <td>0.804407</td>\n",
       "      <td>0.079730</td>\n",
       "      <td>0.122104</td>\n",
       "    </tr>\n",
       "    <tr>\n",
       "      <th>15</th>\n",
       "      <td>790.657954</td>\n",
       "      <td>0.785402</td>\n",
       "      <td>0.054026</td>\n",
       "      <td>0.107727</td>\n",
       "    </tr>\n",
       "    <tr>\n",
       "      <th>10</th>\n",
       "      <td>747.511204</td>\n",
       "      <td>0.777976</td>\n",
       "      <td>0.059099</td>\n",
       "      <td>0.118927</td>\n",
       "    </tr>\n",
       "    <tr>\n",
       "      <th>18</th>\n",
       "      <td>920.334178</td>\n",
       "      <td>0.766661</td>\n",
       "      <td>-0.240892</td>\n",
       "      <td>0.075916</td>\n",
       "    </tr>\n",
       "    <tr>\n",
       "      <th>8</th>\n",
       "      <td>795.553895</td>\n",
       "      <td>0.755500</td>\n",
       "      <td>-0.073532</td>\n",
       "      <td>0.102359</td>\n",
       "    </tr>\n",
       "    <tr>\n",
       "      <th>1</th>\n",
       "      <td>763.311208</td>\n",
       "      <td>0.748420</td>\n",
       "      <td>0.081245</td>\n",
       "      <td>0.109956</td>\n",
       "    </tr>\n",
       "    <tr>\n",
       "      <th>12</th>\n",
       "      <td>759.399763</td>\n",
       "      <td>0.743888</td>\n",
       "      <td>-0.069114</td>\n",
       "      <td>0.110370</td>\n",
       "    </tr>\n",
       "    <tr>\n",
       "      <th>17</th>\n",
       "      <td>819.107441</td>\n",
       "      <td>0.731263</td>\n",
       "      <td>-0.197439</td>\n",
       "      <td>0.093382</td>\n",
       "    </tr>\n",
       "    <tr>\n",
       "      <th>3</th>\n",
       "      <td>824.405847</td>\n",
       "      <td>0.717915</td>\n",
       "      <td>-0.206299</td>\n",
       "      <td>0.090465</td>\n",
       "    </tr>\n",
       "    <tr>\n",
       "      <th>0</th>\n",
       "      <td>811.022811</td>\n",
       "      <td>0.711190</td>\n",
       "      <td>0.086695</td>\n",
       "      <td>0.092682</td>\n",
       "    </tr>\n",
       "    <tr>\n",
       "      <th>11</th>\n",
       "      <td>953.265440</td>\n",
       "      <td>0.697692</td>\n",
       "      <td>-0.265440</td>\n",
       "      <td>0.063600</td>\n",
       "    </tr>\n",
       "    <tr>\n",
       "      <th>13</th>\n",
       "      <td>834.433940</td>\n",
       "      <td>0.686469</td>\n",
       "      <td>-0.125815</td>\n",
       "      <td>0.084350</td>\n",
       "    </tr>\n",
       "    <tr>\n",
       "      <th>5</th>\n",
       "      <td>978.351675</td>\n",
       "      <td>0.607361</td>\n",
       "      <td>-0.504427</td>\n",
       "      <td>0.051984</td>\n",
       "    </tr>\n",
       "    <tr>\n",
       "      <th>2</th>\n",
       "      <td>1020.776665</td>\n",
       "      <td>0.578166</td>\n",
       "      <td>-0.522292</td>\n",
       "      <td>0.044482</td>\n",
       "    </tr>\n",
       "  </tbody>\n",
       "</table>\n",
       "</div>"
      ],
      "text/plain": [
       "       유클리디안 거리   코사인 유사도  피어슨 상관계수  향상된 코사인 유사도\n",
       "16   556.239157  0.872051  0.603298     0.215562\n",
       "14   565.520999  0.867625  0.388581     0.209524\n",
       "4    612.919244  0.844775  0.479573     0.181102\n",
       "9    711.980337  0.826185 -0.024018     0.138090\n",
       "6    683.479334  0.804841  0.259037     0.144510\n",
       "7    750.315267  0.804407  0.079730     0.122104\n",
       "15   790.657954  0.785402  0.054026     0.107727\n",
       "10   747.511204  0.777976  0.059099     0.118927\n",
       "18   920.334178  0.766661 -0.240892     0.075916\n",
       "8    795.553895  0.755500 -0.073532     0.102359\n",
       "1    763.311208  0.748420  0.081245     0.109956\n",
       "12   759.399763  0.743888 -0.069114     0.110370\n",
       "17   819.107441  0.731263 -0.197439     0.093382\n",
       "3    824.405847  0.717915 -0.206299     0.090465\n",
       "0    811.022811  0.711190  0.086695     0.092682\n",
       "11   953.265440  0.697692 -0.265440     0.063600\n",
       "13   834.433940  0.686469 -0.125815     0.084350\n",
       "5    978.351675  0.607361 -0.504427     0.051984\n",
       "2   1020.776665  0.578166 -0.522292     0.044482"
      ]
     },
     "execution_count": 7,
     "metadata": {},
     "output_type": "execute_result"
    }
   ],
   "source": [
    "sim_df.sort_values(by=[\"코사인 유사도\"], ascending=False)"
   ]
  },
  {
   "cell_type": "code",
   "execution_count": 8,
   "id": "5472e64f",
   "metadata": {},
   "outputs": [
    {
     "data": {
      "text/html": [
       "<div>\n",
       "<style scoped>\n",
       "    .dataframe tbody tr th:only-of-type {\n",
       "        vertical-align: middle;\n",
       "    }\n",
       "\n",
       "    .dataframe tbody tr th {\n",
       "        vertical-align: top;\n",
       "    }\n",
       "\n",
       "    .dataframe thead th {\n",
       "        text-align: right;\n",
       "    }\n",
       "</style>\n",
       "<table border=\"1\" class=\"dataframe\">\n",
       "  <thead>\n",
       "    <tr style=\"text-align: right;\">\n",
       "      <th></th>\n",
       "      <th>유클리디안 거리</th>\n",
       "      <th>코사인 유사도</th>\n",
       "      <th>피어슨 상관계수</th>\n",
       "      <th>향상된 코사인 유사도</th>\n",
       "    </tr>\n",
       "  </thead>\n",
       "  <tbody>\n",
       "    <tr>\n",
       "      <th>16</th>\n",
       "      <td>556.239157</td>\n",
       "      <td>0.872051</td>\n",
       "      <td>0.603298</td>\n",
       "      <td>0.215562</td>\n",
       "    </tr>\n",
       "    <tr>\n",
       "      <th>4</th>\n",
       "      <td>612.919244</td>\n",
       "      <td>0.844775</td>\n",
       "      <td>0.479573</td>\n",
       "      <td>0.181102</td>\n",
       "    </tr>\n",
       "    <tr>\n",
       "      <th>14</th>\n",
       "      <td>565.520999</td>\n",
       "      <td>0.867625</td>\n",
       "      <td>0.388581</td>\n",
       "      <td>0.209524</td>\n",
       "    </tr>\n",
       "    <tr>\n",
       "      <th>6</th>\n",
       "      <td>683.479334</td>\n",
       "      <td>0.804841</td>\n",
       "      <td>0.259037</td>\n",
       "      <td>0.144510</td>\n",
       "    </tr>\n",
       "    <tr>\n",
       "      <th>0</th>\n",
       "      <td>811.022811</td>\n",
       "      <td>0.711190</td>\n",
       "      <td>0.086695</td>\n",
       "      <td>0.092682</td>\n",
       "    </tr>\n",
       "    <tr>\n",
       "      <th>1</th>\n",
       "      <td>763.311208</td>\n",
       "      <td>0.748420</td>\n",
       "      <td>0.081245</td>\n",
       "      <td>0.109956</td>\n",
       "    </tr>\n",
       "    <tr>\n",
       "      <th>7</th>\n",
       "      <td>750.315267</td>\n",
       "      <td>0.804407</td>\n",
       "      <td>0.079730</td>\n",
       "      <td>0.122104</td>\n",
       "    </tr>\n",
       "    <tr>\n",
       "      <th>10</th>\n",
       "      <td>747.511204</td>\n",
       "      <td>0.777976</td>\n",
       "      <td>0.059099</td>\n",
       "      <td>0.118927</td>\n",
       "    </tr>\n",
       "    <tr>\n",
       "      <th>15</th>\n",
       "      <td>790.657954</td>\n",
       "      <td>0.785402</td>\n",
       "      <td>0.054026</td>\n",
       "      <td>0.107727</td>\n",
       "    </tr>\n",
       "    <tr>\n",
       "      <th>9</th>\n",
       "      <td>711.980337</td>\n",
       "      <td>0.826185</td>\n",
       "      <td>-0.024018</td>\n",
       "      <td>0.138090</td>\n",
       "    </tr>\n",
       "    <tr>\n",
       "      <th>12</th>\n",
       "      <td>759.399763</td>\n",
       "      <td>0.743888</td>\n",
       "      <td>-0.069114</td>\n",
       "      <td>0.110370</td>\n",
       "    </tr>\n",
       "    <tr>\n",
       "      <th>8</th>\n",
       "      <td>795.553895</td>\n",
       "      <td>0.755500</td>\n",
       "      <td>-0.073532</td>\n",
       "      <td>0.102359</td>\n",
       "    </tr>\n",
       "    <tr>\n",
       "      <th>13</th>\n",
       "      <td>834.433940</td>\n",
       "      <td>0.686469</td>\n",
       "      <td>-0.125815</td>\n",
       "      <td>0.084350</td>\n",
       "    </tr>\n",
       "    <tr>\n",
       "      <th>17</th>\n",
       "      <td>819.107441</td>\n",
       "      <td>0.731263</td>\n",
       "      <td>-0.197439</td>\n",
       "      <td>0.093382</td>\n",
       "    </tr>\n",
       "    <tr>\n",
       "      <th>3</th>\n",
       "      <td>824.405847</td>\n",
       "      <td>0.717915</td>\n",
       "      <td>-0.206299</td>\n",
       "      <td>0.090465</td>\n",
       "    </tr>\n",
       "    <tr>\n",
       "      <th>18</th>\n",
       "      <td>920.334178</td>\n",
       "      <td>0.766661</td>\n",
       "      <td>-0.240892</td>\n",
       "      <td>0.075916</td>\n",
       "    </tr>\n",
       "    <tr>\n",
       "      <th>11</th>\n",
       "      <td>953.265440</td>\n",
       "      <td>0.697692</td>\n",
       "      <td>-0.265440</td>\n",
       "      <td>0.063600</td>\n",
       "    </tr>\n",
       "    <tr>\n",
       "      <th>5</th>\n",
       "      <td>978.351675</td>\n",
       "      <td>0.607361</td>\n",
       "      <td>-0.504427</td>\n",
       "      <td>0.051984</td>\n",
       "    </tr>\n",
       "    <tr>\n",
       "      <th>2</th>\n",
       "      <td>1020.776665</td>\n",
       "      <td>0.578166</td>\n",
       "      <td>-0.522292</td>\n",
       "      <td>0.044482</td>\n",
       "    </tr>\n",
       "  </tbody>\n",
       "</table>\n",
       "</div>"
      ],
      "text/plain": [
       "       유클리디안 거리   코사인 유사도  피어슨 상관계수  향상된 코사인 유사도\n",
       "16   556.239157  0.872051  0.603298     0.215562\n",
       "4    612.919244  0.844775  0.479573     0.181102\n",
       "14   565.520999  0.867625  0.388581     0.209524\n",
       "6    683.479334  0.804841  0.259037     0.144510\n",
       "0    811.022811  0.711190  0.086695     0.092682\n",
       "1    763.311208  0.748420  0.081245     0.109956\n",
       "7    750.315267  0.804407  0.079730     0.122104\n",
       "10   747.511204  0.777976  0.059099     0.118927\n",
       "15   790.657954  0.785402  0.054026     0.107727\n",
       "9    711.980337  0.826185 -0.024018     0.138090\n",
       "12   759.399763  0.743888 -0.069114     0.110370\n",
       "8    795.553895  0.755500 -0.073532     0.102359\n",
       "13   834.433940  0.686469 -0.125815     0.084350\n",
       "17   819.107441  0.731263 -0.197439     0.093382\n",
       "3    824.405847  0.717915 -0.206299     0.090465\n",
       "18   920.334178  0.766661 -0.240892     0.075916\n",
       "11   953.265440  0.697692 -0.265440     0.063600\n",
       "5    978.351675  0.607361 -0.504427     0.051984\n",
       "2   1020.776665  0.578166 -0.522292     0.044482"
      ]
     },
     "execution_count": 8,
     "metadata": {},
     "output_type": "execute_result"
    }
   ],
   "source": [
    "sim_df.sort_values(by=[\"피어슨 상관계수\"], ascending=False)"
   ]
  },
  {
   "cell_type": "code",
   "execution_count": 9,
   "id": "33f130c4",
   "metadata": {},
   "outputs": [
    {
     "data": {
      "text/html": [
       "<div>\n",
       "<style scoped>\n",
       "    .dataframe tbody tr th:only-of-type {\n",
       "        vertical-align: middle;\n",
       "    }\n",
       "\n",
       "    .dataframe tbody tr th {\n",
       "        vertical-align: top;\n",
       "    }\n",
       "\n",
       "    .dataframe thead th {\n",
       "        text-align: right;\n",
       "    }\n",
       "</style>\n",
       "<table border=\"1\" class=\"dataframe\">\n",
       "  <thead>\n",
       "    <tr style=\"text-align: right;\">\n",
       "      <th></th>\n",
       "      <th>유클리디안 거리</th>\n",
       "      <th>코사인 유사도</th>\n",
       "      <th>피어슨 상관계수</th>\n",
       "      <th>향상된 코사인 유사도</th>\n",
       "    </tr>\n",
       "  </thead>\n",
       "  <tbody>\n",
       "    <tr>\n",
       "      <th>16</th>\n",
       "      <td>556.239157</td>\n",
       "      <td>0.872051</td>\n",
       "      <td>0.603298</td>\n",
       "      <td>0.215562</td>\n",
       "    </tr>\n",
       "    <tr>\n",
       "      <th>14</th>\n",
       "      <td>565.520999</td>\n",
       "      <td>0.867625</td>\n",
       "      <td>0.388581</td>\n",
       "      <td>0.209524</td>\n",
       "    </tr>\n",
       "    <tr>\n",
       "      <th>4</th>\n",
       "      <td>612.919244</td>\n",
       "      <td>0.844775</td>\n",
       "      <td>0.479573</td>\n",
       "      <td>0.181102</td>\n",
       "    </tr>\n",
       "    <tr>\n",
       "      <th>6</th>\n",
       "      <td>683.479334</td>\n",
       "      <td>0.804841</td>\n",
       "      <td>0.259037</td>\n",
       "      <td>0.144510</td>\n",
       "    </tr>\n",
       "    <tr>\n",
       "      <th>9</th>\n",
       "      <td>711.980337</td>\n",
       "      <td>0.826185</td>\n",
       "      <td>-0.024018</td>\n",
       "      <td>0.138090</td>\n",
       "    </tr>\n",
       "    <tr>\n",
       "      <th>7</th>\n",
       "      <td>750.315267</td>\n",
       "      <td>0.804407</td>\n",
       "      <td>0.079730</td>\n",
       "      <td>0.122104</td>\n",
       "    </tr>\n",
       "    <tr>\n",
       "      <th>10</th>\n",
       "      <td>747.511204</td>\n",
       "      <td>0.777976</td>\n",
       "      <td>0.059099</td>\n",
       "      <td>0.118927</td>\n",
       "    </tr>\n",
       "    <tr>\n",
       "      <th>12</th>\n",
       "      <td>759.399763</td>\n",
       "      <td>0.743888</td>\n",
       "      <td>-0.069114</td>\n",
       "      <td>0.110370</td>\n",
       "    </tr>\n",
       "    <tr>\n",
       "      <th>1</th>\n",
       "      <td>763.311208</td>\n",
       "      <td>0.748420</td>\n",
       "      <td>0.081245</td>\n",
       "      <td>0.109956</td>\n",
       "    </tr>\n",
       "    <tr>\n",
       "      <th>15</th>\n",
       "      <td>790.657954</td>\n",
       "      <td>0.785402</td>\n",
       "      <td>0.054026</td>\n",
       "      <td>0.107727</td>\n",
       "    </tr>\n",
       "    <tr>\n",
       "      <th>8</th>\n",
       "      <td>795.553895</td>\n",
       "      <td>0.755500</td>\n",
       "      <td>-0.073532</td>\n",
       "      <td>0.102359</td>\n",
       "    </tr>\n",
       "    <tr>\n",
       "      <th>17</th>\n",
       "      <td>819.107441</td>\n",
       "      <td>0.731263</td>\n",
       "      <td>-0.197439</td>\n",
       "      <td>0.093382</td>\n",
       "    </tr>\n",
       "    <tr>\n",
       "      <th>0</th>\n",
       "      <td>811.022811</td>\n",
       "      <td>0.711190</td>\n",
       "      <td>0.086695</td>\n",
       "      <td>0.092682</td>\n",
       "    </tr>\n",
       "    <tr>\n",
       "      <th>3</th>\n",
       "      <td>824.405847</td>\n",
       "      <td>0.717915</td>\n",
       "      <td>-0.206299</td>\n",
       "      <td>0.090465</td>\n",
       "    </tr>\n",
       "    <tr>\n",
       "      <th>13</th>\n",
       "      <td>834.433940</td>\n",
       "      <td>0.686469</td>\n",
       "      <td>-0.125815</td>\n",
       "      <td>0.084350</td>\n",
       "    </tr>\n",
       "    <tr>\n",
       "      <th>18</th>\n",
       "      <td>920.334178</td>\n",
       "      <td>0.766661</td>\n",
       "      <td>-0.240892</td>\n",
       "      <td>0.075916</td>\n",
       "    </tr>\n",
       "    <tr>\n",
       "      <th>11</th>\n",
       "      <td>953.265440</td>\n",
       "      <td>0.697692</td>\n",
       "      <td>-0.265440</td>\n",
       "      <td>0.063600</td>\n",
       "    </tr>\n",
       "    <tr>\n",
       "      <th>5</th>\n",
       "      <td>978.351675</td>\n",
       "      <td>0.607361</td>\n",
       "      <td>-0.504427</td>\n",
       "      <td>0.051984</td>\n",
       "    </tr>\n",
       "    <tr>\n",
       "      <th>2</th>\n",
       "      <td>1020.776665</td>\n",
       "      <td>0.578166</td>\n",
       "      <td>-0.522292</td>\n",
       "      <td>0.044482</td>\n",
       "    </tr>\n",
       "  </tbody>\n",
       "</table>\n",
       "</div>"
      ],
      "text/plain": [
       "       유클리디안 거리   코사인 유사도  피어슨 상관계수  향상된 코사인 유사도\n",
       "16   556.239157  0.872051  0.603298     0.215562\n",
       "14   565.520999  0.867625  0.388581     0.209524\n",
       "4    612.919244  0.844775  0.479573     0.181102\n",
       "6    683.479334  0.804841  0.259037     0.144510\n",
       "9    711.980337  0.826185 -0.024018     0.138090\n",
       "7    750.315267  0.804407  0.079730     0.122104\n",
       "10   747.511204  0.777976  0.059099     0.118927\n",
       "12   759.399763  0.743888 -0.069114     0.110370\n",
       "1    763.311208  0.748420  0.081245     0.109956\n",
       "15   790.657954  0.785402  0.054026     0.107727\n",
       "8    795.553895  0.755500 -0.073532     0.102359\n",
       "17   819.107441  0.731263 -0.197439     0.093382\n",
       "0    811.022811  0.711190  0.086695     0.092682\n",
       "3    824.405847  0.717915 -0.206299     0.090465\n",
       "13   834.433940  0.686469 -0.125815     0.084350\n",
       "18   920.334178  0.766661 -0.240892     0.075916\n",
       "11   953.265440  0.697692 -0.265440     0.063600\n",
       "5    978.351675  0.607361 -0.504427     0.051984\n",
       "2   1020.776665  0.578166 -0.522292     0.044482"
      ]
     },
     "execution_count": 9,
     "metadata": {},
     "output_type": "execute_result"
    }
   ],
   "source": [
    "sim_df.sort_values(by=[\"향상된 코사인 유사도\"], ascending=False)"
   ]
  },
  {
   "cell_type": "code",
   "execution_count": 20,
   "id": "52b8ebd4",
   "metadata": {},
   "outputs": [
    {
     "name": "stdout",
     "output_type": "stream",
     "text": [
      "[distance based] 각 순위 사이, 표준 편차의 80%를 넘어서게 차이난 개수 : 3\n",
      "\n",
      "#############################################\n",
      "[cosine similarity] 각 순위 사이, 표준 편차의 80%를 넘어서게 차이난 개수 : 5\n"
     ]
    }
   ],
   "source": [
    "euc_dis_std = sim_df['유클리디안 거리'].std()\n",
    "cos_sim_std = sim_df['코사인 유사도'].std()\n",
    "corr_std = sim_df['피어슨 상관계수'].std()\n",
    "\n",
    "length = len(sim_df)\n",
    "sort_euc_based = sim_df.sort_values(by=[\"유클리디안 거리\"])\n",
    "err_cos_sim_std = 0\n",
    "\n",
    "for idx in range(1, length):\n",
    "    err = abs(sort_euc_based.iloc[idx-1]['코사인 유사도']\\\n",
    "        - sort_euc_based.iloc[idx]['코사인 유사도'])\n",
    "\n",
    "    if err > (cos_sim_std * 0.8):\n",
    "        err_cos_sim_std += 1\n",
    "        \n",
    "print(\"[distance based] 각 순위 사이, 표준 편차의 80%를 넘어서게 차이난 개수 :\", err_cos_sim_std)\n",
    "print(\"\\n#############################################\")\n",
    "\n",
    "sort_cos_based = sim_df.sort_values(by=[\"코사인 유사도\"])\n",
    "err_euc_dis_std = 0\n",
    "err_corr_std = 0\n",
    "\n",
    "for idx in range(1, length):\n",
    "    err = abs(sort_cos_based.iloc[idx-1]['유클리디안 거리']\\\n",
    "        - sort_cos_based.iloc[idx]['유클리디안 거리'])\n",
    "\n",
    "    if err > (euc_dis_std * 0.8):\n",
    "        err_euc_dis_std += 1\n",
    "        \n",
    "print(\"[cosine similarity] 각 순위 사이, 표준 편차의 80%를 넘어서게 차이난 개수 :\", err_euc_dis_std)"
   ]
  },
  {
   "cell_type": "code",
   "execution_count": 22,
   "id": "72835da4",
   "metadata": {},
   "outputs": [
    {
     "name": "stdout",
     "output_type": "stream",
     "text": [
      "[pearson : distance based] 각 순위 사이, 표준 편차의 80%를 넘어서게 차이난 개수 : 2\n",
      "[pearson : cosine similarity] 각 순위 사이, 표준 편차의 80%를 넘어서게 차이난 개수 : 5\n"
     ]
    }
   ],
   "source": [
    "imp_cos_based = sim_df.sort_values(by=[\"피어슨 상관계수\"])\n",
    "err_cos_sim_std = 0\n",
    "err_euc_dis_std = 0\n",
    "\n",
    "for idx in range(1, length):\n",
    "    err_euc_dis = abs(imp_cos_based.iloc[idx-1]['유클리디안 거리']\\\n",
    "        - imp_cos_based.iloc[idx]['유클리디안 거리'])\n",
    "    err_cos_sim = abs(imp_cos_based.iloc[idx-1]['코사인 유사도']\\\n",
    "        - imp_cos_based.iloc[idx]['코사인 유사도'])\n",
    "\n",
    "    if err_euc_dis > (euc_dis_std * 0.8):\n",
    "        err_euc_dis_std += 1\n",
    "    if err_cos_sim > (cos_sim_std * 0.8):\n",
    "        err_cos_sim_std += 1\n",
    "\n",
    "print(\"[pearson : distance based] 각 순위 사이, 표준 편차의 80%를 넘어서게 차이난 개수 :\", err_euc_dis_std)\n",
    "print(\"[pearson : cosine similarity] 각 순위 사이, 표준 편차의 80%를 넘어서게 차이난 개수 :\", err_cos_sim_std)"
   ]
  },
  {
   "cell_type": "code",
   "execution_count": 23,
   "id": "405d2dbb",
   "metadata": {},
   "outputs": [
    {
     "name": "stdout",
     "output_type": "stream",
     "text": [
      "[imp : distance based] 각 순위 사이, 표준 편차의 80%를 넘어서게 차이난 개수 : 0\n",
      "[imp : cosine similarity] 각 순위 사이, 표준 편차의 80%를 넘어서게 차이난 개수 : 3\n"
     ]
    }
   ],
   "source": [
    "imp_cos_based = sim_df.sort_values(by=[\"향상된 코사인 유사도\"])\n",
    "err_cos_sim_std = 0\n",
    "err_euc_dis_std = 0\n",
    "\n",
    "for idx in range(1, length):\n",
    "    err_euc_dis = abs(imp_cos_based.iloc[idx-1]['유클리디안 거리']\\\n",
    "        - imp_cos_based.iloc[idx]['유클리디안 거리'])\n",
    "    err_cos_sim = abs(imp_cos_based.iloc[idx-1]['코사인 유사도']\\\n",
    "        - imp_cos_based.iloc[idx]['코사인 유사도'])\n",
    "\n",
    "    if err_euc_dis > (euc_dis_std * 0.8):\n",
    "        err_euc_dis_std += 1\n",
    "    if err_cos_sim > (cos_sim_std * 0.8):\n",
    "        err_cos_sim_std += 1\n",
    "\n",
    "print(\"[imp : distance based] 각 순위 사이, 표준 편차의 80%를 넘어서게 차이난 개수 :\", err_euc_dis_std)\n",
    "print(\"[imp : cosine similarity] 각 순위 사이, 표준 편차의 80%를 넘어서게 차이난 개수 :\", err_cos_sim_std)"
   ]
  }
 ],
 "metadata": {
  "kernelspec": {
   "display_name": "Python 3",
   "language": "python",
   "name": "python3"
  },
  "language_info": {
   "codemirror_mode": {
    "name": "ipython",
    "version": 3
   },
   "file_extension": ".py",
   "mimetype": "text/x-python",
   "name": "python",
   "nbconvert_exporter": "python",
   "pygments_lexer": "ipython3",
   "version": "3.8.8"
  }
 },
 "nbformat": 4,
 "nbformat_minor": 5
}
